kinematics:
  shoulder:
    x: 0
    y: 0
    z: 0.1807166488187608
    roll: -0
    pitch: 0
    yaw: -2.118856908580656e-07
  upper_arm:
    x: 0.0001506816977948584
    y: 0
    z: 0
    roll: 1.570389599918404
    pitch: 0
    yaw: 3.736909348047331e-06
  forearm:
    x: -0.6121183418066151
    y: 0
    z: 0
    roll: 2.169486950313276e-05
    pitch: 0.0003659109186203733
    yaw: -8.769941087779638e-07
  wrist_1:
    x: -0.5713813057437431
    y: 0.001390906531315376
    z: 0.1742372678587703
    roll: 3.133609992910499
    pitch: -3.141206705282516
    yaw: 3.141587520482427
  wrist_2:
    x: 3.443338711983929e-05
    y: -0.1197108584966316
    z: 0.0001436475772437999
    roll: 1.569596372921854
    pitch: 0
    yaw: -4.991134929054726e-09
  wrist_3:
    x: -8.693640950702747e-05
    y: 0.1156191174636748
    z: 3.822344339511823e-05
    roll: 1.571126924734416
    pitch: 3.141592653589793
    yaw: 3.141592642090787
  hash: calib_13882070365777652194